 20316 -30055 -2  3
-30043 -30055  3  3
-19955  40468  2 -4
-19981 -30055  2  3
 30386  30399 -3 -3
 30417  20320 -3 -2
-40135 -50209  4  5
 50586  -9911 -5  1
-50222  30399  5 -3
-40108  30396  4 -3
 -9931 -19980  1  2
 10237 -40139 -1  4
-40106  10242  4 -1
-30080 -30059  3  3
 -9913  10249  1 -1
 -9895 -30063  1  3
 30401  40468 -3 -4
 50586  -9911 -5  1
 30432  -9912 -3  1
-50223  50553  5 -5
 30406 -19983 -3  2
 10245 -30064 -1  3
-19956  50544  2 -5
-40130  -9903  4  1
-50179  20319  5 -2
 50529  40475 -5 -4
 10224  20316 -1 -2
 10269  40470 -1 -4
-50224  10249  5 -1
-40111 -19985  4  2
 -9894  40472  1 -4
 30399  10240 -3 -1
-40122 -19983  4  2
 40489  10241 -4 -1
 -9889  -9903  1  1
 10282 -30061 -1  3
 20331  -9907 -2  1
-19967 -50208  2  5
-30046 -40131  3  4
-50179 -40139  5  4
 20301  20322 -2 -2
-50230  -9910  5  1
-40133  40473  4 -4
-19979 -19985  2  2
 40476 -19984 -4  2
 20341  50544 -2 -5
 -9894  40471  1 -4
 20329  30398 -2 -3
-30075  50548  3 -5
 50550  30392 -5 -3
-50230 -30061  5  3
 40498 -40140 -4  4
-19949  50548  2 -5
-30042 -19988  3  2
-40140  20325  4 -2
 30401  50553 -3 -5
-30040  -9903  3  1
 30393 -19979 -3  2
 50546 -30063 -5  3
 20331 -50216 -2  5
-30081  10244  3 -1
-40132  -9908  4  1
 10233 -40140 -1  4
-40127 -30061  4  3
 30405  50549 -3 -5
 30389  -9909 -3  1
 -9882 -19984  1  2
-20007  10245  2 -1
 20305  30401 -2 -3
 50529 -19988 -5  2
-19951 -19985  2  2
 40489  20321 -4 -2
 30415 -19984 -3  2
-50223  50544  5 -5
 20326 -19988 -2  2
 30413  20318 -3 -2
 10246  30398 -1 -3
 40470  20317 -4 -2
 50526  50548 -5 -5
 50560  30392 -5 -3
-40102 -40140  4  4
-19964  50553  2 -5
-30042  10240  3 -1
-40115  30396  4 -3
 -9920 -19988  1  2
 -9874  10244  1 -1
 10247  30397 -1 -3
-30075  -9909  3  1
-19954  -9910  2  1
 50577  30392 -5 -3
 20347  20316 -2 -2
 -9875 -40136  1  4
 50573  50547 -5 -5
-30074 -19984  3  2
 -9902  50553  1 -5
-40151  40469  4 -4
 50581 -30064 -5  3
 30378 -50214 -3  5
-30083  20318  3 -2
-30059  20323  3 -2
-30072 -40136  3  4
 20341  -9908 -2  1
-30035 -30059  3  3
 -9889 -40140  1  4
 -9930  20320  1 -2
 50557  -9907 -5  1
 30373  40469 -3 -4
 -9875 -50208  1  5
 -9923  20320  1 -2
-30080  30392  3 -3
 30414  40477 -3 -4
-40149 -50207  4  5
-40118 -30055  4  3
 -9918  40474  1 -4
 40454 -40131 -4  4
-20007  50549  2 -5
-50179 -30059  5  3
-19980  20325  2 -2
-50227  -9911  5  1
 20297 -50216 -2  5
-30081  -9908  3  1
 40497 -30062 -4  3
-20007  30393  2 -3
 -9918  10246  1 -1
 20305  40468 -2 -4
-30055  40468  3 -4
-40130  40468  4 -4
 30434  -9909 -3  1
-30033 -40136  3  4
 20353 -50216 -2  5
 20302 -30063 -2  3
 10238 -40131 -1  4
 50562 -30058 -5  3
 30400  40468 -3 -4
-40146  20319  4 -2
 20332  -9907 -2  1
 10280 -30060 -1  3
 10231  -9912 -1  1
 50541 -50213 -5  5
 40470  40476 -4 -4
-50190 -40131  5  4
 30413 -19986 -3  2
 30433 -19988 -3  2
 40452 -50212 -4  5
 50557 -30058 -5  3
 10269  50550 -1 -5
 40494  -9903 -4  1
 50545  20325 -5 -2
 40502  40469 -4 -4
 30373  10243 -3 -1
-30043 -40134  3  4
-40149 -30060  4  3
-40103  10246  4 -1
-40122  20321  4 -2
 10223 -19988 -1  2
 10261  10249 -1 -1
 10242  20317 -1 -2
-30074  50548  3 -5
 10253  -9903 -1  1
 40462  -9907 -4  1
-50210 -40134  5  4
 -9913  10240  1 -1
-30048  30397  3 -3
 -9872  10244  1 -1
-40142  10249  4 -1
 50562 -50209 -5  5
-40140 -40131  4  4
 40492  30392 -4 -3
 50581  10247 -5 -1
-19983  40476  2 -4
-50235  40477  5 -4
 20321 -30064 -2  3
 30415  40468 -3 -4
-50193 -19984  5  2
 30389 -19987 -3  2
-50227  30393  5 -3
 30389  50551 -3 -5
 40506 -40136 -4  4
-40143 -30056  4  3
-19947 -30064  2  3
 40489  30397 -4 -3
 50533 -30059 -5  3
 30426 -40137 -3  4
 50538  40473 -5 -4
-30058  50544  3 -5
 50557 -30062 -5  3
 50577  30396 -5 -3
-19975  10249  2 -1
 40473  30399 -4 -3
 30410 -19986 -3  2
 10255  20321 -1 -2
 10229  20321 -1 -2
-50235  20323  5 -2
-40151  10242  4 -1
 20317  30392 -2 -3
-19999 -50209  2  5
-50195 -19985  5  2
 -9922  10249  1 -1
 40467 -50207 -4  5
 30406 -50211 -3  5
 10238  30392 -1 -3
 50537 -30060 -5  3
-30055  20319  3 -2
 20302  40469 -2 -4
 50565  50546 -5 -5
 40449 -19984 -4  2
 -9875  20318  1 -2
 -9931  10245  1 -1
 50573 -19982 -5  2
-50198 -19980  5  2
-40119  40472  4 -4
 20330  -9911 -2  1
 30423 -30064 -3  3
-40151 -50208  4  5
 40505  30400 -4 -3
 10266 -50216 -1  5
-40150 -30064  4  3
 -9915  20322  1 -2
 50534  10249 -5 -1
 -9923  -9905  1  1
 50581  20323 -5 -2
-40151  30395  4 -3
 -9906  20322  1 -2
-40146  50545  4 -5
-19974  10245  2 -1
-30075 -40137  3  4
-50185  -9912  5  1
 -9899  50552  1 -5
 30393 -19988 -3  2
-19970  40472  2 -4
 50574  -9908 -5  1
-20003  40474  2 -4
 40492  -9903 -4  1
 -9891  30392  1 -3
 20329  -9905 -2  1
 30422 -30064 -3  3
 30402 -30063 -3  3
 50565  20320 -5 -2
 50551  30397 -5 -3
 50581  30393 -5 -3
 -9883 -40137  1  4
-20002 -19980  2  2
 20316 -50216 -2  5
 10258 -40131 -1  4
 30429  30397 -3 -3
 30424 -30064 -3  3
 40505  20325 -4 -2
 40457 -40131 -4  4
 40497  40472 -4 -4
 20322  40477 -2 -4
 -9929 -19988  1  2
 20310 -30061 -2  3
 -9871 -50216  1  5
-30043  10244  3 -1
 40505  -9909 -4  1
 20345 -50209 -2  5
 10237  30398 -1 -3
-30058  50553  3 -5
-40123 -50211  4  5
-40150  50553  4 -5
 10226  20317 -1 -2
 10269  -9912 -1  1
 20340 -19988 -2  2
-50222  40476  5 -4
 -9883 -40140  1  4
 50575 -40136 -5  4
-19972 -30064  2  3
-40125 -30064  4  3
-40151 -19982  4  2
 30434 -30062 -3  3
-30042  -9912  3  1
 40465  20324 -4 -2
 30429  30400 -3 -3
 10229  10245 -1 -1
 20301 -19981 -2  2
 20331  10240 -2 -1
-30079  30396  3 -3
-50191  20325  5 -2
-50215  40468  5 -4
-30046 -50208  3  5
 30421  40470 -3 -4
 -9931  50550  1 -5
-19997  20320  2 -2
 50573 -19983 -5  2
-50219 -40138  5  4
 20358  50545 -2 -5
 50558  -9911 -5  1
 40449 -50208 -4  5
-30082 -40140  3  4
-40135 -30055  4  3
-20007  20323  2 -2
-19979  -9903  2  1
 50533 -50209 -5  5
 -9915 -40139  1  4
 10270 -19984 -1  2
 20353  50546 -2 -5
-19957  -9908  2  1
 30377 -30064 -3  3
-30075 -40140  3  4
 40483  40473 -4 -4
 20300 -40135 -2  4
 40481  30396 -4 -3
 10234  40470 -1 -4
 -9883 -50215  1  5
 50568  10244 -5 -1
 40492  20316 -4 -2
-19994 -30062  2  3
-50214  10248  5 -1
 -9923  -9908  1  1
-19951 -40134  2  4
 10245  20325 -1 -2
 30415 -40131 -3  4
 20357  10244 -2 -1
 20337  20323 -2 -2
 10226 -40137 -1  4
-19990  20325  2 -2
-40127 -50207  4  5
 10221  10240 -1 -1
 40461  -9908 -4  1
 30373 -30055 -3  3
-50219 -40135  5  4
 10269  20320 -1 -2
-40159 -30057  4  3
-40102  30392  4 -3
 50525  10241 -5 -1
-50227 -30056  5  3
-50191  -9903  5  1
-50194  10244  5 -1
 40476  50544 -4 -5
-50187 -30056  5  3
 30429 -40134 -3  4
-20002  -9910  2  1
-19994  30395  2 -3
-40122  -9908  4  1
-30043  50545  3 -5
 10221 -30062 -1  3
 30426  40469 -3 -4
-19999  20325  2 -2
 30389  40472 -3 -4
-50187 -30055  5  3
-30070  50549  3 -5
 50537  50553 -5 -5
-30035  20325  3 -2
-30056  10249  3 -1
 30421  -9912 -3  1
-19991 -50210  2  5
 40507 -19988 -4  2
 50527  30396 -5 -3
 -9928  -9912  1  1
 -9883 -50211  1  5
 40452 -40135 -4  4
-30035  20325  3 -2
 30386  -9906 -3  1
-40130  40470  4 -4
 40449  20325 -4 -2
 20353  40477 -2 -4
-50179  50544  5 -5
 50582  10240 -5 -1
-40106  40469  4 -4
-30082  40468  3 -4
 10237  30395 -1 -3
 30410  50553 -3 -5
